1.000e+00 2.606e+02 2.173e-01 2.608e+02 2.458e-03 2.435e-03 
1.100e+00 2.438e+02 1.993e-01 2.440e+02 2.855e-03 2.830e-03 
1.200e+00 2.293e+02 1.842e-01 2.295e+02 3.277e-03 3.252e-03 
1.300e+00 2.166e+02 1.713e-01 2.168e+02 3.726e-03 3.699e-03 
1.400e+00 2.055e+02 1.602e-01 2.056e+02 4.200e-03 4.172e-03 
1.500e+00 1.955e+02 1.504e-01 1.957e+02 4.698e-03 4.669e-03 
1.600e+00 1.866e+02 1.418e-01 1.868e+02 5.222e-03 5.191e-03 
1.700e+00 1.785e+02 1.342e-01 1.787e+02 5.769e-03 5.738e-03 
1.800e+00 1.712e+02 1.274e-01 1.714e+02 6.341e-03 6.308e-03 
2.000e+00 1.585e+02 1.157e-01 1.586e+02 7.555e-03 7.519e-03 
2.250e+00 1.453e+02 1.038e-01 1.454e+02 9.203e-03 9.164e-03 
2.500e+00 1.343e+02 9.428e-02 1.344e+02 1.099e-02 1.095e-02 
2.750e+00 1.250e+02 8.637e-02 1.251e+02 1.292e-02 1.288e-02 
3.000e+00 1.171e+02 7.972e-02 1.172e+02 1.499e-02 1.494e-02 
3.250e+00 1.102e+02 7.405e-02 1.103e+02 1.719e-02 1.713e-02 
3.750e+00 9.876e+01 6.489e-02 9.883e+01 2.199e-02 2.192e-02 
4.000e+00 9.398e+01 6.113e-02 9.404e+01 2.458e-02 2.451e-02 
4.500e+00 8.580e+01 5.481e-02 8.586e+01 3.015e-02 3.007e-02 
5.000e+00 7.906e+01 4.970e-02 7.911e+01 3.623e-02 3.613e-02 
5.500e+00 7.339e+01 4.549e-02 7.343e+01 4.279e-02 4.268e-02 
6.000e+00 6.854e+01 4.195e-02 6.858e+01 4.984e-02 4.972e-02 
6.500e+00 6.434e+01 3.894e-02 6.438e+01 5.737e-02 5.724e-02 
7.000e+00 6.068e+01 3.634e-02 6.071e+01 6.537e-02 6.522e-02 
8.000e+00 5.456e+01 3.208e-02 5.460e+01 8.277e-02 8.259e-02 
9.000e+00 4.966e+01 2.873e-02 4.969e+01 1.020e-01 1.018e-01 
1.000e+01 4.564e+01 2.603e-02 4.567e+01 1.230e-01 1.228e-01 
1.100e+01 4.227e+01 2.380e-02 4.230e+01 1.458e-01 1.455e-01 
1.200e+01 3.941e+01 2.194e-02 3.943e+01 1.703e-01 1.700e-01 
1.300e+01 3.694e+01 2.035e-02 3.696e+01 1.965e-01 1.961e-01 
1.400e+01 3.479e+01 1.898e-02 3.481e+01 2.244e-01 2.240e-01 
1.500e+01 3.290e+01 1.778e-02 3.292e+01 2.539e-01 2.535e-01 
1.600e+01 3.122e+01 1.673e-02 3.124e+01 2.851e-01 2.846e-01 
1.700e+01 2.973e+01 1.580e-02 2.974e+01 3.179e-01 3.174e-01 
1.800e+01 2.838e+01 1.497e-02 2.840e+01 3.524e-01 3.517e-01 
2.000e+01 2.605e+01 1.356e-02 2.607e+01 4.260e-01 4.252e-01 
2.250e+01 2.368e+01 1.213e-02 2.369e+01 5.267e-01 5.258e-01 
2.500e+01 2.174e+01 1.098e-02 2.175e+01 6.370e-01 6.359e-01 
2.750e+01 2.012e+01 1.003e-02 2.013e+01 7.566e-01 7.553e-01 
3.000e+01 1.875e+01 9.239e-03 1.876e+01 8.853e-01 8.839e-01 
3.250e+01 1.758e+01 8.564e-03 1.758e+01 1.023e+00 1.021e+00 
3.500e+01 1.656e+01 7.983e-03 1.656e+01 1.170e+00 1.168e+00 
3.750e+01 1.566e+01 7.478e-03 1.567e+01 1.325e+00 1.323e+00 
4.000e+01 1.487e+01 7.034e-03 1.488e+01 1.489e+00 1.486e+00 
4.500e+01 1.353e+01 6.290e-03 1.354e+01 1.841e+00 1.839e+00 
5.000e+01 1.244e+01 5.691e-03 1.245e+01 2.227e+00 2.224e+00 
5.500e+01 1.154e+01 5.199e-03 1.154e+01 2.644e+00 2.641e+00 
6.000e+01 1.078e+01 4.786e-03 1.078e+01 3.093e+00 3.089e+00 
6.500e+01 1.012e+01 4.435e-03 1.013e+01 3.572e+00 3.567e+00 
7.000e+01 9.555e+00 4.134e-03 9.559e+00 4.080e+00 4.075e+00 
8.000e+01 8.622e+00 3.641e-03 8.625e+00 5.184e+00 5.176e+00 
9.000e+01 7.884e+00 3.255e-03 7.888e+00 6.398e+00 6.389e+00 
1.000e+02 7.286e+00 2.944e-03 7.289e+00 7.718e+00 7.707e+00 
1.100e+02 6.791e+00 2.689e-03 6.794e+00 9.140e+00 9.128e+00 
1.200e+02 6.374e+00 2.475e-03 6.377e+00 1.066e+01 1.065e+01 
1.300e+02 6.018e+00 2.294e-03 6.021e+00 1.228e+01 1.226e+01 
1.400e+02 5.711e+00 2.137e-03 5.713e+00 1.398e+01 1.396e+01 
1.500e+02 5.443e+00 2.001e-03 5.445e+00 1.577e+01 1.576e+01 
1.600e+02 5.207e+00 1.882e-03 5.209e+00 1.765e+01 1.763e+01 
1.700e+02 4.997e+00 1.777e-03 4.999e+00 1.961e+01 1.959e+01 
1.800e+02 4.810e+00 1.683e-03 4.812e+00 2.165e+01 2.163e+01 
2.000e+02 4.491e+00 1.522e-03 4.492e+00 2.596e+01 2.593e+01 
2.250e+02 4.169e+00 1.361e-03 4.170e+00 3.174e+01 3.171e+01 
2.500e+02 3.910e+00 1.231e-03 3.911e+00 3.794e+01 3.790e+01 

