1.00    2.402e-01  2.090e-04   26.55      1.16      1.02   
1.10    2.328e-01  1.923e-04   30.76      1.33      1.16   
1.20    2.258e-01  1.782e-04   35.11      1.48      1.30   
1.30    2.162e-01  1.662e-04   39.62      1.64      1.44   
1.40    2.072e-01  1.557e-04   44.33      1.79      1.60   
1.50    1.989e-01  1.465e-04   49.24      1.94      1.75   
1.60    1.911e-01  1.385e-04   54.36      2.10      1.91   
1.70    1.838e-01  1.313e-04   59.68      2.26      2.08   
1.80    1.769e-01  1.248e-04   65.21      2.41      2.25   
2.00    1.643e-01  1.137e-04   76.92      2.98      2.60   
2.25    1.507e-01  1.025e-04   92.77      3.78      3.08   
2.50    1.392e-01  9.334e-05  110.00      4.56      3.59   
2.75    1.294e-01  8.578e-05  128.58      5.33      4.13   
3.00    1.210e-01  7.940e-05  148.51      6.10      4.71   
3.25    1.138e-01  7.394e-05  169.77      6.87      5.33   
3.50    1.074e-01  6.922e-05  192.34      7.65      5.98   
3.75    1.017e-01  6.509e-05  216.21      8.45      6.67   
4.00    9.673e-02  6.145e-05  241.35      9.25      7.39   
4.50    8.818e-02  5.532e-05  295.39     12.16      8.92   
5.00    8.114e-02  5.034e-05  354.39     14.91     10.59   
5.50    7.523e-02  4.622e-05  418.26     17.61     12.39   
6.00    7.020e-02  4.276e-05  486.93     20.30     14.32   
6.50    6.586e-02  3.979e-05  560.32     23.01     16.37   
7.00    6.207e-02  3.723e-05  638.38     25.74     18.54   
8.00    5.576e-02  3.302e-05  808.08     35.59     23.24   
9.00    5.071e-02  2.969e-05  995.82     44.82     28.41   
10.00   4.657e-02  2.700e-05    1.20     53.88     34.05   
11.00   4.311e-02  2.478e-05    1.42     62.91     40.12   
12.00   4.016e-02  2.290e-05    1.66     72.03     46.64   
13.00   3.763e-02  2.130e-05    1.92     81.25     53.60   
14.00   3.543e-02  1.992e-05    2.19     90.62     60.97   
15.00   3.349e-02  1.872e-05    2.48    100.15     68.77   
16.00    3.177e-02  1.765e-05    2.79    109.84     76.98   
17.00    3.024e-02  1.671e-05    3.11    119.70     85.59   
18.00    2.886e-02  1.586e-05    3.45    129.74     94.61   
20.00    2.648e-02  1.442e-05    4.17    166.70    113.83   
22.50    2.406e-02  1.295e-05    5.16    219.56    140.04   
25.00    2.207e-02  1.177e-05    6.24    269.81    168.61   
27.50    2.043e-02  1.079e-05    7.42    319.17    199.47   
30.00    1.903e-02  9.967e-06    8.69    368.41    232.57   
32.50    1.783e-02  9.266e-06   10.04    417.91    267.86   
35.00    1.679e-02  8.660e-06   11.48    467.90    305.30   
37.50    1.588e-02  8.131e-06   13.01    518.49    344.84   
40.00    1.508e-02  7.665e-06   14.62    569.75    386.43   
45.00    1.372e-02  6.883e-06   18.10    758.25    475.66   
50.00    1.261e-02  6.250e-06   21.89    935.57    572.69   
55.00    1.169e-02  5.727e-06   26.01      1.11    677.23   
60.00    1.091e-02  5.288e-06   30.43      1.28    789.05   
65.00    1.025e-02  4.914e-06   35.15      1.45    907.89   
70.00    9.674e-03  4.591e-06   40.16      1.62      1.03   
80.00    8.727e-03  4.061e-06   51.03      2.25      1.30   
90.00    7.978e-03  3.644e-06   63.00      2.83      1.60   
100.00    7.372e-03 3.307e-06   76.03      3.40      1.92   
110.00    6.869e-03 3.030e-06   90.06      3.96      2.26   
120.00    6.447e-03 2.796e-06  105.07      4.51      2.62   
130.00    6.086e-03 2.597e-06  121.01      5.07      3.01   
140.00    5.775e-03 2.426e-06  137.86      5.62      3.41   
150.00    5.503e-03 2.276e-06  155.58      6.18      3.83   
160.00    5.263e-03 2.145e-06  174.13      6.74      4.27   
170.00    5.051e-03 2.028e-06  193.50      7.31      4.72   
180.00    4.862e-03 1.923e-06  213.66      7.88      5.19   
200.00    4.538e-03 1.745e-06  256.19      9.97      6.17   
225.00    4.212e-03 1.565e-06  313.32     12.90      7.47   
250.00    3.949e-03 1.419e-06  374.55     15.61      8.85   
